253
('cube', 0)
('led', 0, 10, 0, 0, 15)
('led', 0, 10, 0, 1, 15)
('led', 0, 10, 0, 2, 15)
('delay', 0.1)
('led', 0, 10, 0, 0, 0)
('led', 0, 10, 0, 1, 0)
('led', 0, 10, 0, 2, 0)
('led', 0, 10, 0, 3, 15)
('led', 0, 10, 0, 4, 15)
('led', 0, 10, 0, 5, 15)
('delay', 0.1)
('led', 0, 10, 0, 3, 0)
('led', 0, 10, 0, 4, 0)
('led', 0, 10, 0, 5, 0)
('led', 0, 10, 0, 6, 15)
('led', 0, 10, 0, 7, 15)
('led', 0, 10, 0, 8, 15)
('delay', 0.1)
('led', 0, 10, 0, 6, 0)
('led', 0, 10, 0, 7, 0)
('led', 0, 10, 0, 8, 0)
('led', 0, 10, 0, 9, 15)
('led', 0, 10, 0, 10, 15)
('led', 0, 10, 0, 11, 15)
('delay', 0.1)
('led', 0, 10, 0, 9, 0)
('led', 0, 10, 0, 10, 0)
('led', 0, 10, 0, 11, 0)
('led', 0, 10, 0, 12, 15)
('led', 0, 10, 0, 13, 15)
('led', 0, 10, 0, 14, 15)
('delay', 0.1)
('led', 0, 10, 0, 12, 0)
('led', 0, 10, 0, 13, 0)
('led', 0, 10, 0, 14, 0)
('led', 0, 10, 0, 15, 15)
('led', 0, 10, 0, 16, 15)
('led', 0, 10, 0, 17, 15)
('delay', 0.1)
('led', 0, 10, 0, 15, 0)
('led', 0, 10, 0, 16, 0)
('led', 0, 10, 0, 17, 0)
('led', 0, 10, 0, 18, 15)
('led', 0, 10, 0, 19, 15)
('led', 0, 10, 0, 20, 15)
('delay', 0.1)
('led', 0, 10, 0, 18, 0)
('led', 0, 10, 0, 19, 0)
('led', 0, 10, 0, 20, 0)
('led', 0, 10, 0, 21, 15)
('led', 0, 10, 0, 22, 15)
('led', 0, 10, 0, 23, 15)
('delay', 0.1)
('led', 0, 10, 0, 21, 0)
('led', 0, 10, 0, 22, 0)
('led', 0, 10, 0, 23, 0)
('led', 0, 10, 0, 24, 15)
('led', 0, 10, 0, 25, 15)
('led', 0, 10, 0, 26, 15)
('delay', 0.1)
('led', 0, 10, 0, 24, 0)
('led', 0, 10, 0, 25, 0)
('led', 0, 10, 0, 26, 0)
('led', 0, 10, 1, 0, 15)
('led', 0, 10, 1, 1, 15)
('led', 0, 10, 1, 2, 15)
('delay', 0.1)
('led', 0, 10, 1, 0, 0)
('led', 0, 10, 1, 1, 0)
('led', 0, 10, 1, 2, 0)
('led', 0, 10, 1, 3, 15)
('led', 0, 10, 1, 4, 15)
('led', 0, 10, 1, 5, 15)
('delay', 0.1)
('led', 0, 10, 1, 3, 0)
('led', 0, 10, 1, 4, 0)
('led', 0, 10, 1, 5, 0)
('led', 0, 10, 1, 6, 15)
('led', 0, 10, 1, 7, 15)
('led', 0, 10, 1, 8, 15)
('delay', 0.1)
('led', 0, 10, 1, 6, 0)
('led', 0, 10, 1, 7, 0)
('led', 0, 10, 1, 8, 0)
('led', 0, 10, 1, 9, 15)
('led', 0, 10, 1, 10, 15)
('led', 0, 10, 1, 11, 15)
('delay', 0.1)
('led', 0, 10, 1, 9, 0)
('led', 0, 10, 1, 10, 0)
('led', 0, 10, 1, 11, 0)
('led', 0, 10, 1, 12, 15)
('led', 0, 10, 1, 13, 15)
('led', 0, 10, 1, 14, 15)
('delay', 0.1)
('led', 0, 10, 1, 12, 0)
('led', 0, 10, 1, 13, 0)
('led', 0, 10, 1, 14, 0)
('led', 0, 10, 1, 15, 15)
('led', 0, 10, 1, 16, 15)
('led', 0, 10, 1, 17, 15)
('delay', 0.1)
('led', 0, 10, 1, 15, 0)
('led', 0, 10, 1, 16, 0)
('led', 0, 10, 1, 17, 0)
('led', 0, 10, 1, 18, 15)
('led', 0, 10, 1, 19, 15)
('led', 0, 10, 1, 20, 15)
('delay', 0.1)
('led', 0, 10, 1, 18, 0)
('led', 0, 10, 1, 19, 0)
('led', 0, 10, 1, 20, 0)
('led', 0, 10, 1, 21, 15)
('led', 0, 10, 1, 22, 15)
('led', 0, 10, 1, 23, 15)
('delay', 0.1)
('led', 0, 10, 1, 21, 0)
('led', 0, 10, 1, 22, 0)
('led', 0, 10, 1, 23, 0)
('led', 0, 10, 1, 24, 15)
('led', 0, 10, 1, 25, 15)
('led', 0, 10, 1, 26, 15)
('delay', 0.1)
('led', 0, 10, 1, 24, 0)
('led', 0, 10, 1, 25, 0)
('led', 0, 10, 1, 26, 0)
('led', 0, 10, 2, 0, 15)
('led', 0, 10, 2, 1, 15)
('led', 0, 10, 2, 2, 15)
('delay', 0.1)
('led', 0, 10, 2, 0, 0)
('led', 0, 10, 2, 1, 0)
('led', 0, 10, 2, 2, 0)
('led', 0, 10, 2, 3, 15)
('led', 0, 10, 2, 4, 15)
('led', 0, 10, 2, 5, 15)
('delay', 0.1)
('led', 0, 10, 2, 3, 0)
('led', 0, 10, 2, 4, 0)
('led', 0, 10, 2, 5, 0)
('led', 0, 10, 2, 6, 15)
('led', 0, 10, 2, 7, 15)
('led', 0, 10, 2, 8, 15)
('delay', 0.1)
('led', 0, 10, 2, 6, 0)
('led', 0, 10, 2, 7, 0)
('led', 0, 10, 2, 8, 0)
('led', 0, 10, 2, 9, 15)
('led', 0, 10, 2, 10, 15)
('led', 0, 10, 2, 11, 15)
('delay', 0.1)
('led', 0, 10, 2, 9, 0)
('led', 0, 10, 2, 10, 0)
('led', 0, 10, 2, 11, 0)
('led', 0, 10, 2, 12, 15)
('led', 0, 10, 2, 13, 15)
('led', 0, 10, 2, 14, 15)
('delay', 0.1)
('led', 0, 10, 2, 12, 0)
('led', 0, 10, 2, 13, 0)
('led', 0, 10, 2, 14, 0)
('led', 0, 10, 2, 15, 15)
('led', 0, 10, 2, 16, 15)
('led', 0, 10, 2, 17, 15)
('delay', 0.1)
('led', 0, 10, 2, 15, 0)
('led', 0, 10, 2, 16, 0)
('led', 0, 10, 2, 17, 0)
('led', 0, 10, 2, 18, 15)
('led', 0, 10, 2, 19, 15)
('led', 0, 10, 2, 20, 15)
('delay', 0.1)
('led', 0, 10, 2, 18, 0)
('led', 0, 10, 2, 19, 0)
('led', 0, 10, 2, 20, 0)
('led', 0, 10, 2, 21, 15)
('led', 0, 10, 2, 22, 15)
('led', 0, 10, 2, 23, 15)
('delay', 0.1)
('led', 0, 10, 2, 21, 0)
('led', 0, 10, 2, 22, 0)
('led', 0, 10, 2, 23, 0)
('led', 0, 10, 2, 24, 15)
('led', 0, 10, 2, 25, 15)
('led', 0, 10, 2, 26, 15)
('delay', 0.1)
('led', 0, 10, 2, 24, 0)
('led', 0, 10, 2, 25, 0)
('led', 0, 10, 2, 26, 0)
('led', 0, 10, 3, 0, 15)
('led', 0, 10, 3, 1, 15)
('led', 0, 10, 3, 2, 15)
('delay', 0.1)
('led', 0, 10, 3, 0, 0)
('led', 0, 10, 3, 1, 0)
('led', 0, 10, 3, 2, 0)
('led', 0, 10, 3, 3, 15)
('led', 0, 10, 3, 4, 15)
('led', 0, 10, 3, 5, 15)
('delay', 0.1)
('led', 0, 10, 3, 3, 0)
('led', 0, 10, 3, 4, 0)
('led', 0, 10, 3, 5, 0)
('led', 0, 10, 3, 6, 15)
('led', 0, 10, 3, 7, 15)
('led', 0, 10, 3, 8, 15)
('delay', 0.1)
('led', 0, 10, 3, 6, 0)
('led', 0, 10, 3, 7, 0)
('led', 0, 10, 3, 8, 0)
('led', 0, 10, 3, 9, 15)
('led', 0, 10, 3, 10, 15)
('led', 0, 10, 3, 11, 15)
('delay', 0.1)
('led', 0, 10, 3, 9, 0)
('led', 0, 10, 3, 10, 0)
('led', 0, 10, 3, 11, 0)
('led', 0, 10, 3, 12, 15)
('led', 0, 10, 3, 13, 15)
('led', 0, 10, 3, 14, 15)
('delay', 0.1)
('led', 0, 10, 3, 12, 0)
('led', 0, 10, 3, 13, 0)
('led', 0, 10, 3, 14, 0)
('led', 0, 10, 3, 15, 15)
('led', 0, 10, 3, 16, 15)
('led', 0, 10, 3, 17, 15)
('delay', 0.1)
('led', 0, 10, 3, 15, 0)
('led', 0, 10, 3, 16, 0)
('led', 0, 10, 3, 17, 0)
('led', 0, 10, 3, 18, 15)
('led', 0, 10, 3, 19, 15)
('led', 0, 10, 3, 20, 15)
('delay', 0.1)
('led', 0, 10, 3, 18, 0)
('led', 0, 10, 3, 19, 0)
('led', 0, 10, 3, 20, 0)
('led', 0, 10, 3, 21, 15)
('led', 0, 10, 3, 22, 15)
('led', 0, 10, 3, 23, 15)
('delay', 0.1)
('led', 0, 10, 3, 21, 0)
('led', 0, 10, 3, 22, 0)
('led', 0, 10, 3, 23, 0)
('led', 0, 10, 3, 24, 15)
('led', 0, 10, 3, 25, 15)
('led', 0, 10, 3, 26, 15)
('delay', 0.1)
('led', 0, 10, 3, 24, 0)
('led', 0, 10, 3, 25, 0)
('led', 0, 10, 3, 26, 0)