|0|0|10/11|486-509/0-56|
|0|1|19|219-299|
|0|2|10|405-485|
|0|3|15|381-461|
|1|0|10|405-485|
|1|1|19|138-218|
|1|2|8/9|486-509/0-56|
|1|3|15|300-380|
|2|0|8/9|486-509/0-56|
|2|1|19|57-137|
|2|2|8|405-485|
|2|3|15|219-299|
|3|0|8|405-485|
|3|1|18/19|486-509/0-56|
|3|2|18|405-485|
|3|3|15|138-218|
|4|0|11|57-137|
|4|1|15|381-461|
|4|2|10|324-404|
|4|3|14|324-404|
|5|0|10|324-404|
|5|1|15|300-380|
|5|2|9|57-137|
|5|3|14|405-485|
|6|0|9|57-137|
|6|1|15|219-299|
|6|2|8|324-404|
|6|3|14/15|486-509/0-56|
|7|0|8|324-404|
|7|1|15|138-218|
|7|2|18|324-404|
|7|3|15|57-137|
|8|0|11|138-218|
|8|1|14|324-404|
|8|2|10|243-323|
|8|3|14|243-323|
|9|0|10|243-323|
|9|1|14|405-485|
|9|2|9|138-218|
|9|3|14|162-242|
|10|0|9|138-218|
|10|1|14/15|486-509/0-56|
|10|2|8|243-323|
|10|3|14|81-161|
|11|0|8|243-323|
|11|1|15|57-137|
|11|2|18|243-323|
|11|3|14|0-80|
|12|0|11|219-299|
|12|1|14|243-323|
|12|2|10|162-242|
|12|3|-||
|13|0|10|162-242|
|13|1|14|162-242|
|13|2|9|219-299|
|13|3|-||
|14|0|9|219-299|
|14|1|14|81-161|
|14|2|8|162-242|
|14|3|-||
|15|0|8|162-242|
|15|1|14|0-80|
|15|2|18|162-242|
|15|3|-||
|16|0|11|300-380|
|16|1|-||
|16|2|10|81-161|
|16|3|-||
|17|0|10|81-161|
|17|1|-||
|17|2|9|300-380|
|17|3|-||
|18|0|9|300-380|
|18|1|-||
|18|2|8|81-161|
|18|3|-||
|19|0|8|81-161|
|19|1|-||
|19|2|18|81-161|
|19|3|-||
|20|0|11|381-461|
|20|1|-||
|20|2|10|0-80|
|20|3|-||
|21|0|10|0-80|
|21|1|-||
|21|2|9|381-461|
|21|3|-||
|22|0|9|381-461|
|22|1|-||
|22|2|8|0-80|
|22|3|-||
|23|0|8|0-80|
|23|1|-||
|23|2|18|0-80|
|23|3|12|0-80|