|0|0|-||
|0|1|25|138-218|
|0|2|25|219-299|
|0|3|25|57-137|
|1|0|20|243-323|
|1|1|19|138-218|
|1|2|20|324-404|
|1|3|20|162-242|
|2|0|20|324-404||
|2|1|19|57-137|
|2|2|21|381-461|
|2|3|20|81-161|
|3|0|21|381-461|
|3|1|18/19|486-509/0-56|
|3|2|17|219-299|
|3|3|20|0-80|
|4|0|-||
|4|1|25|57-137|
|4|2|25|300-380|
|4|3|24|0-80|
|5|0|25|300-380|
|5|1|24/25|486-509/0-56|
|5|2|24|405-485|
|5|3|24|81-161|
|6|0|20|405-485|
|6|1|20|81-161|
|6|2|21|300-380|
|6|3|20/21|486-509/0-56|
|7|0|21|300-380|
|7|1|20|0-80|
|7|2|17|138-218|
|7|3|21|57-137|
|8|0|-||
|8|1|24|0-80|
|8|2|25|381-461|
|8|3|30/31|486-509/0-56|
|9|0|25|381-461|
|9|1|24|81-161|
|9|2|24|324-404|
|9|3|31|57-137|
|10|0|24|324-404|
|10|1|24|162-242|
|10|2|24|243-323|
|10|3|31|138-218|
|11|0|21|219-299|
|11|1|21|57-137|
|11|2|17|57-137|
|11|3|21|138-218|