|0|0|30/31|486-509/0-56|
|0|1|31|219-299|
|0|2|30|405-485|
|0|3|39|381-461|
|1|0|30|405-485|
|1|1|31|138-218|
|1|2|28/29|486-509/0-56|
|1|3|39|300-380|
|2|0|28/29|486-509/0-56|
|2|1|31|57-137|
|2|2|28|405-485|
|2|3|39|219-299|
|3|0|28|405-485|
|3|1|30/31|486-509/0-56|
|3|2|30|405-485|
|3|3|39|138-218|
|4|0|31|57-137|
|4|1|39|381-461|
|4|2|30|324-404|
|4|3|38|324-404|
|5|0|30|324-404|
|5|1|39|300-380|
|5|2|29|57-137|
|5|3|38|405-485|
|6|0|29|57-137|
|6|1|39|219-299|
|6|2|28|324-404|
|6|3|38/39|486-509/0-56|
|7|0|28|324-404|
|7|1|39|138-218|
|7|2|30|324-404|
|7|3|39|57-137|
|8|0|31|138-218|
|8|1|38|324-404|
|8|2|30|243-323|
|8|3|38|243-323|
|9|0|30|243-323|
|9|1|38|405-485|
|9|2|29|138-218|
|9|3|38|162-242|
|10|0|29|138-218|
|10|1|38/39|486-509/0-56|
|10|2|28|243-323|
|10|3|38|81-161|
|11|0|28|243-323|
|11|1|39|57-137|
|11|2|30|243-323|
|11|3|38|0-80|
|12|0|31|219-299|
|12|1|38|243-323|
|12|2|30|162-242|
|12|3|37|381-461|
|13|0|30|162-242|
|13|1|38|162-242|
|13|2|29|219-299|
|13|3|37|300-380|
|14|0|29|219-299|
|14|1|38|81-161|
|14|2|28|162-242|
|14|3|37|219-299|
|15|0|28|162-242|
|15|1|38|0-80|
|15|2|30|162-242|
|15|3|37|138-218|
|16|0|31|300-380|
|16|1|37|381-461|
|16|2|30|81-161|
|16|3|36|324-404|
|17|0|30|81-161|
|17|1|37|300-380|
|17|2|29|300-380|
|17|3|36|405-485|
|18|0|29|300-380|
|18|1|37|219-299|
|18|2|28|81-161|
|18|3|36/37|486-509/0-56||
|19|0|28|81-161|
|19|1|37|138-218|
|19|2|30|81-161|
|19|3|37|57-137|
|20|0|31|381-461|
|20|1|36|324-404|
|20|2|30|0-80|
|20|3|36|243-323|
|21|0|30|0-80|
|21|1|36|405-485|
|21|2|29|381-461|
|21|3|36|162-242|
|22|0|29|381-461|
|22|1|36/37|486-509/0-56|
|22|2|28|0-80|
|22|3|36|81-161|
|23|0|28|0-80|
|23|1|37|57-137|
|23|2|30|0-80|
|23|3|36|0-80|