|0|0|18||
|0|1|17||
|0|2|2|405-485|
|0|3|7||
|1|0|2|405-485|
|1|1|17||
|1|2|-||
|1|3|7||
|2|0|-||
|2|1|17||
|2|2|-||
|2|3|7||
|3|0|-||
|3|1|16/17||
|3|2|16||
|3|3|7||
|4|0|18||
|4|1|7||
|4|2|2||
|4|3|7||
|5|0|2||
|5|1|7||
|5|2|-||
|5|3|6/7||
|6|0|-||
|6|1|7||
|6|2|-||
|6|3|6||
|7|0|-||
|7|1|7||
|7|2|16||
|7|3|6||
|8|0|18||
|8|1|7||
|8|2|2|321-404|
|8|3|6||
|9|0|2|321-404|
|9|1|6/7||
|9|2|-||
|9|3|6||
|10|0|-||
|10|1|6||
|10|2|-||
|10|3|6||
|11|0|-||
|11|1|6||
|11|2|16||
|11|3|6||
|12|0|18||
|12|1|6||
|12|2|2|243-323|
|12|3|5|138-218|
|13|0|2|243-323|
|13|1|6||
|13|2|-||
|13|3|5|219-299|
|14|0|-||
|14|1|6||
|14|2|-||
|14|3|5|300-380|
|15|0|-||
|15|1|6||
|15|2|16||
|15|3|5|381-461|
|16|0|18||
|16|1|5|138-218|
|16|2|2|162-242|
|16|3|5|57-137|
|17|0|2|162-242|
|17|1|5|219-299|
|17|2|-||
|17|3|4/5|(486-509)/(0-56)|
|18|0|-||
|18|1|5|300-380|
|18|2|-||
|18|3|5|405-485|
|19|0|-||
|19|1|5|381-461|
|19|2|16||
|19|3|4|324-404|
|20|0|18||
|20|1|5|57-137|
|20|2|2|0-80|
|20|3|4|0-80|
|21|0|2|0-80|
|21|1|4/5|(486-509)/(0-56)|
|21|2|-||
|21|3|4|81-161|
|22|0|-||
|22|1|4|405-485|
|22|2|-||
|22|3|4|162-242|
|23|0|-||
|23|1|4|324-404|
|23|2|16||
|23|3|4|243-323|