|-|2|0||
|-|3|0||
|-|6|0||
|-|7|0||
|-|10|0||
|-|11|0||
|-|14|0||
|-|15|0||
|-|18|0||
|-|19|0||
|-|22|0||
|-|23|0||
|-|1|2||
|-|2|2||
|-|5|2||
|-|6|2||
|-|9|2||
|-|10|2||
|-|13|2||
|-|14|2||
|-|17|2||
|-|18|2||
|-|21|2||
|-|22|2||
|16|3|2||
|16|7|2||
|16|11|2||
|16|15|2||
|16|19|2||
|16|23|2||
|16/17|3|1||
|17|0|1||
|17|1|1||
|17|2|1||
|18|0|0||
|18|4|0||
|18|8|0||
|18|12|0||
|18|16|0||
|18|20|0||
|2|1|0|405-485|
|2|5|0||
|2|9|0|321-404|
|2|13|0|243-323|
|2|17|0|162-242|
|2|21|0|0-80|
|2|0|2|405-485|
|2|4|2||
|2|8|2|321-404|
|2|12|2|243-323|
|2|16|2|162-242|
|2|20|2|0-80|
|4|22|1|405-485|
|4|23|1|324-404|
|4|19|3|324-404|
|4|20|3|0-80|
|4|21|3|81-161|
|4|22|3|162-242|
|4|23|3|243-323|
|4/5|21|1|(486-509)/(0-56)|
|4/5|17|3|(486-509)/(0-56)|
|5|16|1|138-218|
|5|17|1|219-299|
|5|18|1|300-380|
|5|19|1|381-461|
|5|20|1|57-137|
|5|12|3|138-218|
|5|13|3|219-299|
|5|14|3|300-380|
|5|15|3|381-461|
|5|16|3|57-137|
|5|18|3|405-485|
|6|10|1||
|6|11|1||
|6|12|1||
|6|13|1||
|6|14|1||
|6|15|1||
|6|6|3||
|6|7|3||
|6|8|3||
|6|9|3||
|6|10|3||
|6|11|3||
|6/7|9|1||
|6/7|5|3||
|7|4|1||
|7|5|1||
|7|6|1||
|7|7|1||
|7|8|1||
|7|0|3||
|7|1|3||
|7|2|3||
|7|3|3||
|7|4|3||
